# ASAP VERSION 3.0
# GOM_HADDOCK_ASAP_2022_BASE
#
# ASAP GUI 15 AUG 2012
#
# Number of Years
45
# First Year
1977
# Number of Ages
9
# Number of Fleets
1
# Number of Sensitivity Blocks
3
# Number of Available Survey Indices
2
# Natural Mortality
0.2        0.2        0.2        0.2        0.2        0.2        0.2        0.2        0.2        
0.2        0.2        0.2        0.2        0.2        0.2        0.2        0.2        0.2        
0.2        0.2        0.2        0.2        0.2        0.2        0.2        0.2        0.2        
0.2        0.2        0.2        0.2        0.2        0.2        0.2        0.2        0.2        
0.2        0.2        0.2        0.2        0.2        0.2        0.2        0.2        0.2        
0.2        0.2        0.2        0.2        0.2        0.2        0.2        0.2        0.2        
0.2        0.2        0.2        0.2        0.2        0.2        0.2        0.2        0.2        
0.2        0.2        0.2        0.2        0.2        0.2        0.2        0.2        0.2        
0.2        0.2        0.2        0.2        0.2        0.2        0.2        0.2        0.2        
0.2        0.2        0.2        0.2        0.2        0.2        0.2        0.2        0.2        
0.2        0.2        0.2        0.2        0.2        0.2        0.2        0.2        0.2        
0.2        0.2        0.2        0.2        0.2        0.2        0.2        0.2        0.2        
0.2        0.2        0.2        0.2        0.2        0.2        0.2        0.2        0.2        
0.2        0.2        0.2        0.2        0.2        0.2        0.2        0.2        0.2        
0.2        0.2        0.2        0.2        0.2        0.2        0.2        0.2        0.2        
0.2        0.2        0.2        0.2        0.2        0.2        0.2        0.2        0.2        
0.2        0.2        0.2        0.2        0.2        0.2        0.2        0.2        0.2        
0.2        0.2        0.2        0.2        0.2        0.2        0.2        0.2        0.2        
0.2        0.2        0.2        0.2        0.2        0.2        0.2        0.2        0.2        
0.2        0.2        0.2        0.2        0.2        0.2        0.2        0.2        0.2        
0.2        0.2        0.2        0.2        0.2        0.2        0.2        0.2        0.2        
0.2        0.2        0.2        0.2        0.2        0.2        0.2        0.2        0.2        
0.2        0.2        0.2        0.2        0.2        0.2        0.2        0.2        0.2        
0.2        0.2        0.2        0.2        0.2        0.2        0.2        0.2        0.2        
0.2        0.2        0.2        0.2        0.2        0.2        0.2        0.2        0.2        
0.2        0.2        0.2        0.2        0.2        0.2        0.2        0.2        0.2        
0.2        0.2        0.2        0.2        0.2        0.2        0.2        0.2        0.2        
0.2        0.2        0.2        0.2        0.2        0.2        0.2        0.2        0.2        
0.2        0.2        0.2        0.2        0.2        0.2        0.2        0.2        0.2        
0.2        0.2        0.2        0.2        0.2        0.2        0.2        0.2        0.2        
0.2        0.2        0.2        0.2        0.2        0.2        0.2        0.2        0.2        
0.2        0.2        0.2        0.2        0.2        0.2        0.2        0.2        0.2        
0.2        0.2        0.2        0.2        0.2        0.2        0.2        0.2        0.2        
0.2        0.2        0.2        0.2        0.2        0.2        0.2        0.2        0.2        
0.2        0.2        0.2        0.2        0.2        0.2        0.2        0.2        0.2        
0.2        0.2        0.2        0.2        0.2        0.2        0.2        0.2        0.2        
0.2        0.2        0.2        0.2        0.2        0.2        0.2        0.2        0.2        
0.2        0.2        0.2        0.2        0.2        0.2        0.2        0.2        0.2        
0.2        0.2        0.2        0.2        0.2        0.2        0.2        0.2        0.2        
0.2        0.2        0.2        0.2        0.2        0.2        0.2        0.2        0.2        
0.2        0.2        0.2        0.2        0.2        0.2        0.2        0.2        0.2        
0.2        0.2        0.2        0.2        0.2        0.2        0.2        0.2        0.2        
0.2        0.2        0.2        0.2        0.2        0.2        0.2        0.2        0.2        
0.2        0.2        0.2        0.2        0.2        0.2        0.2        0.2        0.2        
0.2        0.2        0.2        0.2        0.2        0.2        0.2        0.2        0.2        
# Fecundity Option
0
# Fraction of year that elapses prior to SSB calculation (0=Jan-1)
0.25
# Maturity
0.051779517 0.325429507 0.809957152 0.974128314 0.997002743 0.999659828 0.999961483 0.99999564 0.999999506 
0.051779517 0.325429507 0.809957152 0.974128314 0.997002743 0.999659828 0.999961483 0.99999564 0.999999506 
0.051779517 0.325429507 0.809957152 0.974128314 0.997002743 0.999659828 0.999961483 0.99999564 0.999999506 
0.051779517 0.325429507 0.809957152 0.974128314 0.997002743 0.999659828 0.999961483 0.99999564 0.999999506 
0.051779517 0.325429507 0.809957152 0.974128314 0.997002743 0.999659828 0.999961483 0.99999564 0.999999506 
0.051779517 0.325429507 0.809957152 0.974128314 0.997002743 0.999659828 0.999961483 0.99999564 0.999999506 
0.051779517 0.325429507 0.809957152 0.974128314 0.997002743 0.999659828 0.999961483 0.99999564 0.999999506 
0.051779517 0.325429507 0.809957152 0.974128314 0.997002743 0.999659828 0.999961483 0.99999564 0.999999506 
0.051779517 0.325429507 0.809957152 0.974128314 0.997002743 0.999659828 0.999961483 0.99999564 0.999999506 
0.051779517 0.325429507 0.809957152 0.974128314 0.997002743 0.999659828 0.999961483 0.99999564 0.999999506 
0.051779517 0.325429507 0.809957152 0.974128314 0.997002743 0.999659828 0.999961483 0.99999564 0.999999506 
0.051779517 0.325429507 0.809957152 0.974128314 0.997002743 0.999659828 0.999961483 0.99999564 0.999999506 
0.051779517 0.325429507 0.809957152 0.974128314 0.997002743 0.999659828 0.999961483 0.99999564 0.999999506 
0.051779517 0.325429507 0.809957152 0.974128314 0.997002743 0.999659828 0.999961483 0.99999564 0.999999506 
0.051779517 0.325429507 0.809957152 0.974128314 0.997002743 0.999659828 0.999961483 0.99999564 0.999999506 
0.051779517 0.325429507 0.809957152 0.974128314 0.997002743 0.999659828 0.999961483 0.99999564 0.999999506 
0.051779517 0.325429507 0.809957152 0.974128314 0.997002743 0.999659828 0.999961483 0.99999564 0.999999506 
0.051779517 0.325429507 0.809957152 0.974128314 0.997002743 0.999659828 0.999961483 0.99999564 0.999999506 
0.051779517 0.325429507 0.809957152 0.974128314 0.997002743 0.999659828 0.999961483 0.99999564 0.999999506 
0.051779517 0.325429507 0.809957152 0.974128314 0.997002743 0.999659828 0.999961483 0.99999564 0.999999506 
0.051779517 0.325429507 0.809957152 0.974128314 0.997002743 0.999659828 0.999961483 0.99999564 0.999999506 
0.051779517 0.325429507 0.809957152 0.974128314 0.997002743 0.999659828 0.999961483 0.99999564 0.999999506 
0.051779517 0.325429507 0.809957152 0.974128314 0.997002743 0.999659828 0.999961483 0.99999564 0.999999506 
0.051779517 0.325429507 0.809957152 0.974128314 0.997002743 0.999659828 0.999961483 0.99999564 0.999999506 
0.051779517 0.325429507 0.809957152 0.974128314 0.997002743 0.999659828 0.999961483 0.99999564 0.999999506 
0.051779517 0.325429507 0.809957152 0.974128314 0.997002743 0.999659828 0.999961483 0.99999564 0.999999506 
0.051779517 0.325429507 0.809957152 0.974128314 0.997002743 0.999659828 0.999961483 0.99999564 0.999999506 
0.051779517 0.325429507 0.809957152 0.974128314 0.997002743 0.999659828 0.999961483 0.99999564 0.999999506 
0.051779517 0.325429507 0.809957152 0.974128314 0.997002743 0.999659828 0.999961483 0.99999564 0.999999506 
0.051779517 0.325429507 0.809957152 0.974128314 0.997002743 0.999659828 0.999961483 0.99999564 0.999999506 
0.051779517 0.325429507 0.809957152 0.974128314 0.997002743 0.999659828 0.999961483 0.99999564 0.999999506 
0.051779517 0.325429507 0.809957152 0.974128314 0.997002743 0.999659828 0.999961483 0.99999564 0.999999506 
0.051779517 0.325429507 0.809957152 0.974128314 0.997002743 0.999659828 0.999961483 0.99999564 0.999999506 
0.051779517 0.325429507 0.809957152 0.974128314 0.997002743 0.999659828 0.999961483 0.99999564 0.999999506 
0.051779517 0.325429507 0.809957152 0.974128314 0.997002743 0.999659828 0.999961483 0.99999564 0.999999506 
0.051779517 0.325429507 0.809957152 0.974128314 0.997002743 0.999659828 0.999961483 0.99999564 0.999999506 
0.051779517 0.325429507 0.809957152 0.974128314 0.997002743 0.999659828 0.999961483 0.99999564 0.999999506 
0.051779517 0.325429507 0.809957152 0.974128314 0.997002743 0.999659828 0.999961483 0.99999564 0.999999506 
0.051779517 0.325429507 0.809957152 0.974128314 0.997002743 0.999659828 0.999961483 0.99999564 0.999999506 
0.051779517 0.325429507 0.809957152 0.974128314 0.997002743 0.999659828 0.999961483 0.99999564 0.999999506 
0.051779517 0.325429507 0.809957152 0.974128314 0.997002743 0.999659828 0.999961483 0.99999564 0.999999506 
0.051779517 0.325429507 0.809957152 0.974128314 0.997002743 0.999659828 0.999961483 0.99999564 0.999999506 
0.051779517 0.325429507 0.809957152 0.974128314 0.997002743 0.999659828 0.999961483 0.99999564 0.999999506 
0.051779517 0.325429507 0.809957152 0.974128314 0.997002743 0.999659828 0.999961483 0.99999564 0.999999506 
0.051779517 0.325429507 0.809957152 0.974128314 0.997002743 0.999659828 0.999961483 0.99999564 0.999999506 
# Number of Weights at Age Matrices
2
# Weight Matrix - 1
0.113           0.757           1.163           2.008           2.558           3.358           3.709           3.587           4.686           
0.113           0.777           1.234           1.684           2.438           3.108           4.642           4.075           6.088           
0.56            0.774           1.155           1.805           2.261           2.659           2.775           3.587           4.725           
0.468           0.76            1.168           1.852           2.389           3.354           3.602           4.562           4.204           
0.56            0.685           1.515           1.978           2.641           3.027           3.658           4.185           3.921           
0.376           0.62            0.995           2.138           2.598           3.107           3.646           4.129           4.293           
0.181           0.667           1.2             1.727           2.376           2.969           3.373           3.719           4.215           
0.313           0.803           1.23            1.801           2.324           3.166           3.917           4.498           4.071           
0.315           0.981           1.068           1.86            2.34            2.652           3.588           4.09            4.153           
0.503           0.507           1.193           1.457           2.264           2.494           3.063           3.636           4.589           
0.349           0.856           1.592           2.008           2.402           2.609           3.272           4.236           5.277           
0.331           0.412           1.116           1.626           2.562           2.583           3.872           4.664           5.18            
0.247           1.146           1.818           1.827           2.375           2.863           3.537           4.4             4.244           
0.296           0.831           1.541           3.331           2.454           3.043           3.738           3.618           4.189           
0.347           1.46            1.882           2.657           3.027           2.958           3.35            4.433           3.881           
0.448           1.192           1.764           1.973           2.654           3.067           2.079           3.721           3.45            
0.364           0.885           1.593           2.041           2.436           3.035           3.393           3.422           3.657           
0.361           0.776           1.589           2.187           3.065           2.788           3.623           3.41            3.73            
0.278           0.821           1.16            1.747           2.515           3.512           4.091           5.209           5.665           
0.336           0.674           1.074           1.803           2.197           3.149           2.472           2.388           3.163           
0.353           0.835           1.766           1.65            2.329           2.975           2.991           3.073           3.608           
0.25            0.976           1.447           1.828           2.213           2.843           3.375           3.152           2.989           
0.265           0.609           1.311           1.609           1.764           1.926           2.279           3.025           3.29            
0.261           0.607           1.005           1.54            1.782           2.009           2.369           2.669           3.081           
0.242           0.899           1.271           1.495           1.813           2.213           2.245           2.481           2.528           
0.121           0.475           1.022           1.34            1.631           2.141           2.596           2.299           2.638           
0.318           0.583           0.89            1.228           1.466           1.766           2.13            2.418           2.507           
0.189           0.582           0.782           1.382           1.341           1.659           1.813           2.01            2.204           
0.173           0.55            0.752           1.134           1.458           1.436           1.674           1.946           2.273           
0.255           0.426           0.841           0.798           1.345           1.649           1.508           1.682           2.035           
0.243           0.589           0.799           1.138           1.216           1.512           1.635           1.576           1.708           
0.289           0.55            0.986           1.188           1.322           1.302           1.658           1.734           1.746           
0.304           0.714           0.781           1.118           1.277           1.608           1.533           1.849           1.906           
0.37            0.591           0.776           1.086           1.396           1.533           1.705           2.099           2.014           
0.365           0.593           1.03            1.177           1.371           1.57            1.773           1.896           2.096           
0.247           0.54            0.903           1.056           1.41            1.444           1.736           1.798           1.962           
0.292           0.572           0.842           1.207           1.341           1.566           1.657           1.851           2.088           
0.301           0.59            0.759           1.096           1.556           1.656           1.961           1.924           2.179           
0.187           0.441           0.799           0.976           1.285           1.672           1.575           1.991           2.218           
0.185           0.366           0.603           1.012           1.175           1.372           1.706           2.004           2.003           
0.182           0.399           0.598           0.832           1.137           1.29            1.503           1.608           2.627           
0.174           0.408           0.564           0.747           0.943           1.298           1.37            1.644           1.808           
0.234           0.391           0.575           0.719           0.851           0.984           1.279           1.495           1.786           
0.266732819     0.423538952     0.581490599     0.756257311     0.824657789     0.99251442      0.968916648     1.091077017     1.612442231     
0.289883324     0.496087449     0.618015014     0.684382598     0.793379444     0.941241885     1.478541383     0.987590379     1.240256079     
# Weight Matrix - 2
0.043           0.593           0.967           1.822           2.321           2.856           3.442           4.081           4.686           
0.043           0.296           0.967           1.4             2.213           2.82            3.948           3.819           6.088           
0.12            0.296           0.947           1.492           1.951           2.546           2.937           4.081           4.725           
0.18            0.504           0.951           1.463           2.077           2.754           3.095           3.558           4.204           
0.197           0.617           1.073           1.52            2.212           2.689           3.503           3.883           3.921           
0.162           0.587           0.826           1.8             2.267           2.865           3.322           3.886           4.293           
0.113           0.501           0.863           1.311           2.254           2.777           3.237           3.682           4.215           
0.123           0.382           0.902           1.47            2.003           2.743           3.41            3.895           4.071           
0.15            0.545           0.927           1.506           2.053           2.483           3.37            4.003           4.153           
0.188           0.405           1.058           1.247           2.05            2.416           2.85            3.612           4.589           
0.156           0.656           0.898           1.548           1.871           2.43            2.857           3.602           5.277           
0.156           0.537           0.984           1.609           2.268           2.491           3.178           3.907           5.18            
0.13            0.64            1.237           1.439           1.965           2.708           3.023           4.128           4.244           
0.144           0.412           1.349           2.506           2.118           2.688           3.271           3.577           4.189           
0.124           0.261           0.893           2.024           3.175           2.694           3.193           4.071           3.881           
0.162           0.493           0.619           1.491           2.656           3.047           2.48            3.429           3.45            
0.108           0.52            1.084           1.51            2.192           2.838           3.226           2.667           3.657           
0.159           0.349           1.071           1.447           1.95            2.606           3.316           3.402           3.73            
0.167           0.556           0.927           1.658           2.162           2.977           3.272           4.344           5.665           
0.078           0.446           0.936           1.38            1.911           2.484           2.808           3.028           3.163           
0.158           0.468           1.007           1.293           1.932           2.397           2.646           2.756           3.608           
0.132           0.592           0.86            1.46            1.849           2.397           3.007           2.483           2.258           
0.07            0.401           1.12            1.296           1.281           1.896           2.312           2.847           2.72            
0.138           0.381           0.796           1.407           1.497           1.438           2.002           2.359           3.025           
0.13            0.454           0.905           1.206           1.647           1.841           1.867           2.395           2.527           
0.032           0.347           0.84            1.353           1.555           1.947           2.286           2.052           2.652           
0.147           0.094           0.684           0.989           1.467           1.713           2.157           2.404           2.314           
0.115           0.431           0.676           1.138           1.191           1.592           1.797           2.076           2.2             
0.11            0.325           0.651           0.932           1.407           1.365           1.651           1.874           2.273           
0.13            0.273           0.671           0.727           1.213           1.54            1.461           1.666           2.033           
0.13            0.384           0.584           0.946           0.941           1.401           1.639           1.535           1.699           
0.142           0.358           0.744           0.955           1.183           1.188           1.539           1.682           1.727           
0.091           0.456           0.63            0.99            1.2             1.423           1.334           1.712           1.903           
0.162           0.422           0.744           0.898           1.221           1.371           1.65            1.793           2.009           
0.182           0.465           0.778           0.951           1.208           1.472           1.634           1.795           2.094           
0.127           0.453           0.706           1.024           1.286           1.397           1.651           1.789           1.961           
0.16            0.381           0.665           1.003           1.134           1.451           1.512           1.758           2.082           
0.156           0.427           0.661           0.933           1.307           1.401           1.704           1.712           2.13            
0.117           0.374           0.679           0.845           1.154           1.563           1.558           1.958           2.322           
0.117           0.261           0.503           0.867           1.046           1.315           1.685           1.77            2               
0.128           0.278           0.455           0.668           1.032           1.216           1.43            1.649           2.609           
0.113           0.268           0.468           0.627           0.838           1.188           1.321           1.568           2.058           
0.124           0.271           0.483           0.615           0.762           0.937           1.283           1.412           1.785           
0.2077          0.3078          0.4717          0.6503          0.7531          0.9048          0.9624          1.184           1.6118          
0.1523          0.3619          0.4993          0.6181          0.7646          0.8715          1.1999          0.9688          1.2395          
# Weights at Age Pointers
1
1
1
1
2
2
# Selectivity Block Assignment
# Fleet 1 Selectivity Block Assignment
1
1
1
1
1
1
1
1
1
1
1
1
2
2
2
2
2
2
2
2
2
2
2
2
2
2
2
2
3
3
3
3
3
3
3
3
3
3
3
3
3
3
3
3
3
# Selectivity Options for each block 1=by age, 2=logisitic, 3=double logistic
1  1  1  
# Selectivity Block #1 Data 
0.01            1               0               1               
0.1             1               0               1               
0.3             1               0               1               
0.5             1               0               1               
0.8             1               0               1               
0.9             1               0               1               
1               1               0               1               
1               -2              0               1               
1               -2              0               1               
0               0               0               0               
0               0               0               0               
0               0               0               0               
0               0               0               0               
0               0               0               0               
0               0               0               0               
# Selectivity Block #2 Data 
0.01            1               0               1               
0.1             1               0               1               
0.3             1               0               1               
0.5             1               0               1               
0.8             1               0               1               
0.9             1               0               1               
1               1               0               1               
1               -2              0               1               
1               -2              0               1               
0               0               0               0               
0               0               0               0               
0               0               0               0               
0               0               0               0               
0               0               0               0               
0               0               0               0               
# Selectivity Block #3 Data 
0.01            1               0               1               
0.1             1               0               1               
0.3             1               0               1               
0.5             1               0               1               
0.8             1               0               1               
0.9             1               0               1               
1               -1              0               1               
1               -2              0               1               
1               2               0               1               
0               0               0               0               
0               0               0               0               
0               0               0               0               
0               0               0               0               
0               0               0               0               
0               0               0               0               
# Fleet Start Age
1  
# Fleet End Age
9  
# Age Range for Average F
8  8
# Average F report option (1=unweighted, 2=Nweighted, 3=Bweighted)
1
# Use Likelihood constants? (1=yes)
0
# Release Mortality by Fleet
1  
# Catch Data
# Fleet-1 Catch Data
39.8            1763            53.2            367             184.6           189.3           0               0               2.4             3256.1          
0               374.7           2291.4          172.4           363             208.7           10.6            0               5.3             5023.5          
0               67.3            559.6           1577            183.1           99.1            45.3            10.9            0               4387.6          
0               884.8           104.1           755.8           1366.8          143.8           95.6            27.8            25.8            6520.6          
2.1             1607.7          723.5           294.4           344             546.5           92.5            117.8           27.2            6282.3          
30.4            619.7           1516.1          619.8           100.5           300.8           477.2           107.3           75.8            6933.6          
10.8            12.4            836.8           976.5           791.4           148.6           253             348.1           115.7           7656.6          
1.2             96.7            51              608             260.1           371             62.9            65.6            149.4           4164.5          
0.9             30              347.1           85.7            355.7           151.9           241.9           47.4            54.5            3083.2          
4.5             10.8            185.9           364.1           82.2            115             87              103             14.8            1941.6          
0               20.5            34.6            105.9           48.7            34.4            56.9            33.8            16.4            907.9           
0.2             0.2             12.2            12.5            55.4            56.1            7.7             15.4            4.2             444.2           
1.3             23.1            3.5             44.1            20.8            25.8            16.5            0.8             0.9             302.9           
7               2               142.7           1.7             28.6            17.5            27.2            3.9             0               468.8           
3.1             7.1             16.3            58.6            28.4            27.9            12.6            5.8             3.1             446.4           
1.8             13.1            94.4            36.5            19.1            2.2             1.1             0               1.9             321.4           
3.7             20.1            36.3            22.9            9.9             10.9            4.6             1.7             1.2             206.7           
6.5             24.2            44.1            13.5            3.4             9.2             5.6             1.7             0.7             185.7           
2.9             79.3            107.8           85.6            10.4            6.4             4.8             4.3             3               448.4           
2.8             23.4            128.8           56.3            16.3            4               7.1             5.6             1.2             339.6           
3               8.8             175.7           265.1           91.4            19.3            7               2.8             2.4             1064.7          
5.8             23.5            25              132.2           192.2           52.6            17.4            8.6             7.5             985.8           
5.2             3.6             40              66.5            98              70.2            38.9            7.3             5.9             601.2           
2.6             86.4            78.1            122.3           73.8            145             80.6            35.2            27.3            1111.9          
0.3             26.9            225.3           130.4           95.1            85.9            79.7            39.9            23.7            1205.9          
0.4             2.5             28.5            281.8           119.6           112.6           32.7            71.6            69.3            1276.6          
0.1             11.5            7.1             55.6            519.6           92.3            63.9            21.9            71.2            1373.4          
2.6             5.2             23.5            36.2            79.9            557.8           64.5            36.2            53.9            1413.8          
0.2             56.9            9.5             56.3            94.1            155             588.8           58              76.1            1734.2          
1.3             2.3             125.2           6.6             50.5            67.4            79              350.2           59              1118.7          
7.8             32.3            23.7            468.2           15              77.2            62.9            121.7           512.5           1879.2          
0.1             25.4            74              25.6            556.2           7               57.8            39.2            299.7           1550            
0.1             6.9             76.1            80.3            23.1            425             7.7             44.9            202.8           1348.7          
4.5             13.2            27.2            65.4            76.2            28              402.3           4.5             173             1294.9          
9.9             35.7            6.3             6.9             67.2            61.6            19.8            222.9           114.5           925.9           
5.6             260.7           83.5            33.4            16.7            91.5            50.3            19.1            270.1           1059.7          
33.3            79              580.1           97.8            41.1            15.6            84.8            46.8            147.4           1277            
54.3            194             153.6           716             45.8            18.2            6.7             42.8            78.6            1409.9          
9.4             696.9           471.6           147.8           432.3           25.5            12.4            1.8             26.2            1512.4          
15.3            73.7            2495.7          627.5           169.5           685.7           17.9            5               24.9            3406.3          
23.8            43.9            95.6            3488.7          632.7           177.3           592.1           19.9            10.6            4894.1          
9               62.6            83.9            141.2           2888.1          323             56.4            174             11.1            3709.9          
8.1             30.2            150.6           215.4           176.6           3724.6          187.6           34.5            100.5           4542.1          
77.7            80.3            214.9           459.3           195.9           206.5           3804.7          206.3           30.5            4858.3          
88.9            42.3            80.6            572.1           467.1           473.9           383.9           2625            107.7           4602.4          
# Discards
# Fleet-1 Discards Data
0               0               0               0               0               0               0               0               0               0               
0               0               0               0               0               0               0               0               0               0               
0               0               0               0               0               0               0               0               0               0               
0               0               0               0               0               0               0               0               0               0               
0               0               0               0               0               0               0               0               0               0               
0               0               0               0               0               0               0               0               0               0               
0               0               0               0               0               0               0               0               0               0               
0               0               0               0               0               0               0               0               0               0               
0               0               0               0               0               0               0               0               0               0               
0               0               0               0               0               0               0               0               0               0               
0               0               0               0               0               0               0               0               0               0               
0               0               0               0               0               0               0               0               0               0               
0               0               0               0               0               0               0               0               0               0               
0               0               0               0               0               0               0               0               0               0               
0               0               0               0               0               0               0               0               0               0               
0               0               0               0               0               0               0               0               0               0               
0               0               0               0               0               0               0               0               0               0               
0               0               0               0               0               0               0               0               0               0               
0               0               0               0               0               0               0               0               0               0               
0               0               0               0               0               0               0               0               0               0               
0               0               0               0               0               0               0               0               0               0               
0               0               0               0               0               0               0               0               0               0               
0               0               0               0               0               0               0               0               0               0               
0               0               0               0               0               0               0               0               0               0               
0               0               0               0               0               0               0               0               0               0               
0               0               0               0               0               0               0               0               0               0               
0               0               0               0               0               0               0               0               0               0               
0               0               0               0               0               0               0               0               0               0               
0               0               0               0               0               0               0               0               0               0               
0               0               0               0               0               0               0               0               0               0               
0               0               0               0               0               0               0               0               0               0               
0               0               0               0               0               0               0               0               0               0               
0               0               0               0               0               0               0               0               0               0               
0               0               0               0               0               0               0               0               0               0               
0               0               0               0               0               0               0               0               0               0               
0               0               0               0               0               0               0               0               0               0               
0               0               0               0               0               0               0               0               0               0               
0               0               0               0               0               0               0               0               0               0               
0               0               0               0               0               0               0               0               0               0               
0               0               0               0               0               0               0               0               0               0               
0               0               0               0               0               0               0               0               0               0               
0               0               0               0               0               0               0               0               0               0               
0               0               0               0               0               0               0               0               0               0               
0               0               0               0               0               0               0               0               0               0               
0               0               0               0               0               0               0               0               0               0               
# Release Proportion
# Fleet-1 Release Data
0               0               0               0               0               0               0               0               0               
0               0               0               0               0               0               0               0               0               
0               0               0               0               0               0               0               0               0               
0               0               0               0               0               0               0               0               0               
0               0               0               0               0               0               0               0               0               
0               0               0               0               0               0               0               0               0               
0               0               0               0               0               0               0               0               0               
0               0               0               0               0               0               0               0               0               
0               0               0               0               0               0               0               0               0               
0               0               0               0               0               0               0               0               0               
0               0               0               0               0               0               0               0               0               
0               0               0               0               0               0               0               0               0               
0               0               0               0               0               0               0               0               0               
0               0               0               0               0               0               0               0               0               
0               0               0               0               0               0               0               0               0               
0               0               0               0               0               0               0               0               0               
0               0               0               0               0               0               0               0               0               
0               0               0               0               0               0               0               0               0               
0               0               0               0               0               0               0               0               0               
0               0               0               0               0               0               0               0               0               
0               0               0               0               0               0               0               0               0               
0               0               0               0               0               0               0               0               0               
0               0               0               0               0               0               0               0               0               
0               0               0               0               0               0               0               0               0               
0               0               0               0               0               0               0               0               0               
0               0               0               0               0               0               0               0               0               
0               0               0               0               0               0               0               0               0               
0               0               0               0               0               0               0               0               0               
0               0               0               0               0               0               0               0               0               
0               0               0               0               0               0               0               0               0               
0               0               0               0               0               0               0               0               0               
0               0               0               0               0               0               0               0               0               
0               0               0               0               0               0               0               0               0               
0               0               0               0               0               0               0               0               0               
0               0               0               0               0               0               0               0               0               
0               0               0               0               0               0               0               0               0               
0               0               0               0               0               0               0               0               0               
0               0               0               0               0               0               0               0               0               
0               0               0               0               0               0               0               0               0               
0               0               0               0               0               0               0               0               0               
0               0               0               0               0               0               0               0               0               
0               0               0               0               0               0               0               0               0               
0               0               0               0               0               0               0               0               0               
0               0               0               0               0               0               0               0               0               
0               0               0               0               0               0               0               0               0               
# Survey Index Data
# Aggregate Index Units
2  2  
# Age Proportion Index Units
2  2  
# Weight at Age Matrix
2  1  
# Index Month
4  10  
# Index Selectivity Link to Fleet
-1  -1  
# Index Selectivity Options 1=by age, 2=logisitic, 3=double logistic
1  1  
# Index Start Age
1  1  
# Index End Age
9  9  
# Estimate Proportion (Yes=1)
1  1  
# Use Index (Yes=1)
1  1  
# Index-1 Selectivity Data 
0.2             1               0               1               
0.4             1               0               1               
0.8             1               0               1               
1               -2              0               1               
1               -2              0               1               
1               -2              0               1               
1               -2              0               1               
1               -2              0               1               
1               -2              0               0.2             
0               0               0               0               
0               0               0               0               
0               0               0               0               
0               0               0               0               
0               0               0               0               
0               0               0               0               
# Index-2 Selectivity Data 
0.1             1               0               1               
0.3             1               0               1               
0.5             1               0               1               
0.8             1               0               1               
0.9             1               0               1               
1               -2              0               1               
1               -2              0               1               
1               -2              0               1               
1               -2              0               1               
0               0               0               0               
0               0               0               0               
0               0               0               0               
0               0               0               0               
0               0               0               0               
0               0               0               0               
# Index-1 Data 
1977  8515.9          0.3151          1312.1          4242.2          42.5            1718.8          502.5           697.8           0               0               0               15              
1978  1698.8          0.4101          107             857.7           440.8           38.3            255             0               0               0               0               15              
1979  3594.5          0.2148          0               0               1461.2          1577.6          311             244.7           0               0               0               15              
1980  2770.7          0.3753          1319.9          184.7           229.5           684.9           274.2           77.5            0               0               0               15              
1981  4524.4          0.2467          1389.5          1377            721.9           320.3           410.7           164.6           34.7            49.1            56.6            15              
1982  2564.5          0.3217          0               602.2           1092.1          562             64.3            244             0               0               0               15              
1983  4499.4          0.3847          1736.6          154.1           1457.3          491.4           429             0               197.9           0               33.2            15              
1984  1371.6          0.4118          24.3            697             84.9            374.5           134.8           0               0               56.1            0               15              
1985  2220.1          0.3707          0               417             1349.9          70.9            231.8           63.1            62.5            24.8            0               15              
1986  885.8           0.4495          63.9            0               190.8           465.7           0               45.6            91.2            28.7            0               15              
1987  114.6           0.3653          45              35.2            34.4            0               0               0               0               0               0               5               
1988  235             0.5234          54.2            0               0               28.4            152.3           0               0               0               0               5               
1989  104.1           0.7787          0               44.5            15              0               29.6            15              0               0               0               5               
1990  14.9            0.5235          14.9            0               0               0               0               0               0               0               0               5               
1991  92.2            0.5405          17.8            37.2            37.2            0               0               0               0               0               0               5               
1992  242.5           0.5789          106.1           0               0               136.4           0               0               0               0               0               5               
1993  564.5           0.4678          326.5           183.5           0               0               36.3            18.2            0               0               0               10              
1994  502.9           0.3514          92.2            227.7           139.9           43.1            0               0               0               0               0               10              
1995  1009.1          0.4683          552.5           300.1           99.2            28.7            0               0               0               28.7            0               10              
1996  382.8           0.3174          0               45.7            183.5           153.6           0               0               0               0               0               10              
1997  2424.3          0.3943          970.3           262.9           322.1           753.4           87.7            27.9            0               0               0               10              
1998  247.1           0.4046          100.6           57.9            0               77.4            11.3            0               0               0               0               10              
1999  5345.4          0.3853          4664.1          109             199.9           36.3            281.1           55.1            0               0               0               10              
2000  4521.8          0.3877          1293            1465.9          1218.7          181.7           123.1           64              175.4           0               0               10              
2001  2960.8          0.5904          91.4            158.1           1369.4          616             218.3           241.1           90.6            53.5            122.5           10              
2002  7145.1          0.497           4132.2          258.1           751.5           1772.8          122.9           34.2            27.9            45.5            0               10              
2003  3997.4          0.2461          449.8           260.5           113.6           134.8           2526.3          254.3           152.1           44.6            61.5            10              
2004  1329.7          0.3372          143.9           0               193.3           27.2            119.2           782.4           45.5            0               18.2            10              
2005  1079.8          0.3924          12.9            214.8           0               124             101.1           274.3           316.5           0               36.2            25              
2006  3947.5          0.4257          224.1           95.6            2068.1          398             130.5           24              252.1           682.5           72.5            25              
2007  965.1           0.3651          194.8           106.2           35.3            298.6           0               37.3            36.2            35.7            220.9           25              
2008  2116.6          0.4862          54.5            708.5           507.3           0               379.6           0               33.4            64.8            368.5           25              
2009  1741.85175      0.354           25.67625        89.4285         467.433         245.61525       44.3385         646.0395        0               16.2825         207.03825       25              
2010  1977.948        0.368           85.54575        13.026          8.64225         146.0415        155.43525       59.99475        990.85275       0               518.40975       25              
2011  1272.039        0.3557          479.2065        196.26675       10.7715         0               32.565          206.78775       0               199.398         147.0435        25              
2012  3704.26875      0.4657          530.93475       1888.64475      268.91175       70.76625        0               244.989         129.63375       68.3865         502.002         25              
2013  11902.13175     0.4234          8586.8895       839.04975       1856.83125      156.93825       45.591          33.19125        145.791         108.34125       129.5085        25              
2014  10857.54675     0.2016          4315.73925      2128.87425      735.969         3011.38575      247.2435        156.43725       0               103.9575        157.94025       25              
2015  97399.53525     0.6182          2069.631        55700.9295      12841.131       3920.45025      17510.952       2231.82975      255.63525       0               2868.9765       25              
2016  56388.552       0.2147          1831.155        1892.40225      41968.39425     4422.45225      1705.77975      4200.00825      131.0115        32.69025        204.6585        25              
2017  47797.02825     0.3053          2543.3265       1618.731        2107.9575       36763.75575     3142.773        519.91275       995.7375        104.83425       0               25              
2018  45912.76725     0.1871          803.3535        3691.49325      2642.274        3588.162        32270.78775     1741.35075      464.6775        710.6685        0               25              
2019  19369.662       0.2027          136.64775       87.675          1438.49625      984.59025       708.28875       15106.27725     535.3185        129.759         242.60925       25              
2020  -999            -999            -999            -999            -999            -999            -999            -999            -999            -999            -999            0               
2021  4913.307        0.231           1771.66125      62.8755         100.07475       208.04025       283.44075       217.05825       129.0075        2053.098        88.05075        25              
# Index-2 Data 
1977  10391.5         0.3185          4114.7          4169.7          159.1           1349.3          157.2           294.3           0               0               147.2           25              
1978  12243.1         0.1681          0               2426.5          6940.7          231.7           998.6           1327.1          147.5           0               170.8           25              
1979  6750.2          0.2013          531.2           136.5           1350.2          3432.6          632.3           502.5           141.9           0               23              25              
1980  8958.4          0.3441          5595.9          376.6           0               354.8           1335.3          744.4           231.3           204.5           115.5           25              
1981  5581.5          0.1748          0               0               2561.9          401.1           1082            1279.7          0               256.9           0               25              
1982  3289.7          0.3352          551             840.9           1031.3          440.5           65.9            0               127.4           87.2            145.5           25              
1983  3254.5          0.2705          699.8           63.6            788.2           661.2           498.5           241.9           85.5            215.8           0               25              
1984  2125            0.2607          260.8           675.5           0               385.9           0               466.6           0               44.1            292.2           7               
1985  5108.8          0.3839          124.6           472.6           3510.4          21.3            255.4           184.9           464.1           0               75.7            7               
1986  780.3           0.423           18.2            0               94.8            428.6           129             36.4            0               73.3            0               7               
1987  1297            0.3306          0               228.2           144.7           160.2           86.4            362.5           149.2           0               165.8           7               
1988  418.8           0.6605          0               0               60.5            29.3            102.8           0               74              152.2           0               7               
1989  354.8           0.3868          74.4            74.5            23.5            18.3            58.2            82.3            23.5            0               0               7               
1990  181.5           0.371           40.6            0               92.6            0               0               0               24.8            23.5            0               7               
1991  111.5           0.5778          65              0               0               46.5            0               0               0               0               0               7               
1992  209.9           0.5324          181.2           0               28.7            0               0               0               0               0               0               7               
1993  960.8           0.7055          585.8           279.6           39.8            37.1            18.5            0               0               0               0               7               
1994  148.5           0.4141          57.6            0               0               0               0               0               45.5            0               45.5            7               
1995  1224.7          0.5297          118             757             230.8           45.5            44.7            0               0               0               28.7            7               
1996  2961.8          0.3627          158.6           244.9           1330.9          774.7           85              142.4           88.9            45.5            90.9            7               
1997  3101.6          0.3644          1666.7          38.1            478.3           728.3           76.8            113.4           0               0               0               7               
1998  2085.2          0.5034          301.7           521.5           162.7           539.8           378.9           87.9            61.7            30.8            0               30              
1999  7742.8          0.3016          4043.8          744.5           1038.4          316.5           598.6           642.9           212             73.8            72.3            30              
2000  20360.6         0.4521          828.3           14160.5         2112.1          1632.1          531.9           726.6           276.6           92.6            0               30              
2001  12228.9         0.2651          301.2           2876.7          6089.5          899.9           1012.5          376.5           241.5           366.7           64.3            30              
2002  4893.3          0.3429          150.9           17.2            677             3075.3          442.5           173.5           0               258             98.9            30              
2003  4860.2          0.2115          0               334.7           90.1            630.8           3091.7          441.1           66.6            0               205.3           30              
2004  7054.6          0.2645          435.1           36.7            684             313.1           1037.6          4050.7          155.1           195.8           146.5           30              
2005  4940.1          0.1976          137.1           1995.4          83.9            184.5           375.1           509.3           1431.2          110.7           112.9           30              
2006  4609.3          0.2549          330.8           104.5           2230.7          33.3            257.5           134.9           363.6           1062.2          91.8            30              
2007  6436.1          0.2744          1333.5          1061.7          276.6           2665.3          75.9            17.7            204.4           143             657.9           30              
2008  2839            0.3117          0               505.5           138.8           0               1308.9          0               202             142.7           541.2           30              
2009  1298.46675      0.3437          241.7325        102.83025       220.56525       13.65225        45.3405         416.70675       0               72.144          185.49525       12              
2010  1248.61725      0.4531          32.064          23.42175        56.8635         200.6505        348.696         129.88425       299.3475        0               157.68975       12              
2011  5040.68625      0.4346          1239.2235       936.74475       219.31275       114.9795        996.36375       252.37875       154.809         957.28575       169.5885        12              
2012  4333.65         0.5891          520.66425       3669.5745       13.026          0               21.91875        31.563          39.078          0               37.8255         12              
2013  15424.16175     0.2262          4954.01325      1960.914        7506.60825      474.1965        287.8245        100.701         34.19325        0               105.711         12              
2014  51499.66875     0.4071          19572.066       9833.25225      4839.53475      14110.665       780.3075        426.47625       249.498         758.63925       929.22975       12              
2015  61539.95925     0.2064          1250.87175      53551.76475     3231.07425      807.8625        2565.74625      50.8515         0               0               81.78825        12              
2016  82653.477       0.1863          1692.50325      2863.716        66277.5405      6360.4455       1586.9175       3708.903        77.52975        32.064          53.8575         12              
2017  62448.52275     0.1646          5794.566        4704.76575      3943.99725      42844.89375     2474.94         265.65525       1666.827        735.09225       17.7855         12              
2018  52759.93425     0.2013          1361.84325      3030.17325      1660.5645       1860.08775      41144.124       2064.3705       494.2365        992.481         152.0535        12              
2019  29010.27975     0.2445          282.43875       852.201         1860.58875      2424.96525      1718.6805       20671.26        733.33875       263.526         203.28075       12              
2020  -999            -999            -999            -999            -999            -999            -999            -999            -999            -999            -999            0               
2021  11610.29925     0.4391          6528.90675      461.922         279.68325       190.25475       242.10825       253.7565        335.4195        3252.492        65.75625        12              
# Phase Control
# Phase for F mult in 1st Year
1
# Phase for F mult Deviations
3
# Phase for Recruitment Deviations
2
# Phase for N in 1st Year
1
# Phase for Catchability in 1st Year
1
# Phase for Catchability Deviations
-3
# Phase for Stock Recruitment Relationship
2
# Phase for Steepness
-3
# Recruitment CV by Year
1.0
1.0
1.0
1.0
1.0
1.0
1.0
1.0
1.0
1.0
1.0
1.0
1.0
1.0
1.0
1.0
1.0
1.0
1.0
1.0
1.0
1.0
1.0
1.0
1.0
1.0
1.0
1.0
1.0
1.0
1.0
1.0
1.0
1.0
1.0
1.0
1.0
1.0
1.0
1.0
1.0
1.0
1.0
1
1
# Lambdas by Index
1  1  
# Lambda for Total Catch in Weight by Fleet
1  
# Lambda for Total Discards at Age by Fleet
0  
# Catch Total CV by Year and Fleet
0.2          
0.2          
0.2          
0.2          
0.2          
0.2          
0.2          
0.2          
0.2          
0.2          
0.2          
0.2          
0.15         
0.15         
0.15         
0.15         
0.15         
0.15         
0.15         
0.15         
0.15         
0.15         
0.15         
0.15         
0.1          
0.1          
0.1          
0.1          
0.1          
0.1          
0.1          
0.1          
0.1          
0.1          
0.1          
0.1          
0.1          
0.1          
0.1          
0.1          
0.1          
0.1          
0.1          
0.1          
0.1          
# Discard Total CV by Year and Fleet
0            
0            
0            
0            
0            
0            
0            
0            
0            
0            
0            
0            
0            
0            
0            
0            
0            
0            
0            
0            
0            
0            
0            
0            
0            
0            
0            
0            
0            
0            
0            
0            
0            
0            
0            
0            
0            
0            
0            
0            
0            
0            
0            
0            
0            
# Catch Effective Sample Size by Year and Fleet
60           
60           
60           
60           
60           
60           
60           
60           
60           
60           
60           
20           
20           
20           
20           
20           
60           
60           
60           
60           
60           
60           
60           
60           
60           
60           
140          
140          
140          
140          
140          
140          
140          
140          
140          
140          
140          
140          
140          
140          
140          
140          
140          
140          
140          
# Discard Effective Sample Size by Year and Fleet
0            
0            
0            
0            
0            
0            
0            
0            
0            
0            
0            
0            
0            
0            
0            
0            
0            
0            
0            
0            
0            
0            
0            
0            
0            
0            
0            
0            
0            
0            
0            
0            
0            
0            
0            
0            
0            
0            
0            
0            
0            
0            
0            
0            
0            
# Lambda for F Mult in First year by Fleet
0  
# CV for F Mult in First year by Fleet
1  
# Lambda for F Mult Deviations by Fleet
0  
# CV for F Mult Deviations by Fleet
1  
# Lambda for N in 1st Year Deviations
0.1
# CV for N in 1st Year Deviations
1
# Lambda for Recruitment Deviations
1
# Lambda for Catchability in First year by Index
0  0  
# CV for Catchability in First year by Index
1  1  
# Lambda for Catchability Deviations by Index
0  0  
# CV for Catchability Deviations by Index
1  1  
# Lambda for Deviation from Initial Steepness
0
# CV for Deviation from Initial Steepness
1
# Lambda for Deviation from Unexploited Stock Size
0
# CV for Deviation from Unexploited Stock Size
1
# NAA Deviations Flag
1
# Initial Numbers at Age in 1st Year
6599  1377  1888  2204  588  463  1  5  20  
# Initial F Mult in 1st Year by Fleet
0.05  
# Initial Catchabilty by Index
0.3  0.3  
# Stock Recruitment Flag
0
# Initial Unexploited Stock
20000
# Initial Steepness
1
# Maximum F
3
# Ignore Guesses (Yes=1)
0
# Projection Control
# Do Projections (Yes=1)
0
# Fleet Directed Flag
1  
# Final Year in Projection
2022
# Projection Data by Year
2022     -1         3     -99        1          
# Do MCMC (Yes=1)
1
# MCMC Year Option
1
# MCMC Iterations
0
# MCMC Thinning Factor
0
# MCMC Random Seed
0
# Agepro R Option
-1
# Agepro R Option Start Year
0
# Agepro R Option End Year
0
# Export R Flag
1
# Test Value
-23456
######
###### FINIS ######
# Fleet Names
#$Fishery
# Survey Names
#$NEFSC spring BTS
#$NEFSC fall BTS
#
